{
    "armatures": {
        "source": {
            "matrix_world": [
                0.009999999776482582,
                0.0,
                0.0,
                1.8265489339828491,
                0.0,
                7.549789682315122e-10,
                -0.009999999776482582,
                0.0,
                0.0,
                0.009999999776482582,
                7.549789682315122e-10,
                0.0,
                0.0,
                0.0,
                0.0,
                1.0
            ],
            "bones": {
                "mixamorig:Hips": {
                    "parent": null,
                    "matrix": [
                        1.0,
                        0.0,
                        0.0,
                        0.0,
                        0.9999166131019592,
                        -0.012916820123791695,
                        0.0,
                        0.012916820123791695,
                        0.9999165534973145
                    ],
                    "matrix_local": [
                        1.0,
                        0.0,
                        0.0,
                        0.0,
                        0.0,
                        0.9999166131019592,
                        -0.012916820123791695,
                        104.27490234375,
                        0.0,
                        0.012916820123791695,
                        0.9999165534973145,
                        0.0,
                        0.0,
                        0.0,
                        0.0,
                        1.0
                    ]
                },
                "mixamorig:Spine": {
                    "parent": "mixamorig:Hips",
                    "matrix": [
                        1.0,
                        0.0,
                        0.0,
                        0.0,
                        0.9871501922607422,
                        0.15979509055614471,
                        0.0,
                        -0.15979509055614471,
                        0.9871501922607422
                    ],
                    "matrix_local": [
                        1.0,
                        0.0,
                        0.0,
                        0.0,
                        0.0,
                        0.9891319274902344,
                        0.14703091979026794,
                        114.45645141601562,
                        0.0,
                        -0.14703091979026794,
                        0.9891318678855896,
                        0.13152426481246948,
                        0.0,
                        0.0,
                        0.0,
                        1.0
                    ]
                },
                "mixamorig:Spine1": {
                    "parent": "mixamorig:Spine",
                    "matrix": [
                        1.0,
                        0.0,
                        0.0,
                        0.0,
                        1.0,
                        2.5575630502316926e-08,
                        0.0,
                        -2.5575630502316926e-08,
                        1.0
                    ],
                    "matrix_local": [
                        1.0,
                        0.0,
                        0.0,
                        0.0,
                        0.0,
                        0.9891319274902344,
                        0.14703094959259033,
                        124.3504409790039,
                        0.0,
                        -0.14703094959259033,
                        0.9891318678855896,
                        -1.339181661605835,
                        0.0,
                        0.0,
                        0.0,
                        1.0
                    ]
                },
                "mixamorig:Spine2": {
                    "parent": "mixamorig:Spine1",
                    "matrix": [
                        1.0,
                        0.0,
                        0.0,
                        0.0,
                        0.9996678829193115,
                        -0.025768931955099106,
                        0.0,
                        0.025768931955099106,
                        0.9996679425239563
                    ],
                    "matrix_local": [
                        1.0,
                        0.0,
                        0.0,
                        0.0,
                        0.0,
                        0.9925922751426697,
                        0.12149325758218765,
                        133.57122802734375,
                        0.0,
                        -0.12149325013160706,
                        0.9925922751426697,
                        -2.7098188400268555,
                        0.0,
                        0.0,
                        0.0,
                        1.0
                    ]
                },
                "mixamorig:Neck": {
                    "parent": "mixamorig:Spine2",
                    "matrix": [
                        1.0,
                        0.0,
                        0.0,
                        0.0,
                        0.9999999403953552,
                        1.2819057815249835e-07,
                        0.0,
                        -1.2819057815249835e-07,
                        1.0
                    ],
                    "matrix_local": [
                        1.0,
                        0.0,
                        0.0,
                        0.0,
                        0.0,
                        0.9925922155380249,
                        0.1214933842420578,
                        150.3115997314453,
                        0.0,
                        -0.1214933693408966,
                        0.9925922751426697,
                        -4.758841514587402,
                        0.0,
                        0.0,
                        0.0,
                        1.0
                    ]
                },
                "mixamorig:Head": {
                    "parent": "mixamorig:Neck",
                    "matrix": [
                        1.0,
                        0.0,
                        0.0,
                        0.0,
                        1.0,
                        3.072534582315711e-08,
                        0.0,
                        -3.072534582315711e-08,
                        1.0
                    ],
                    "matrix_local": [
                        1.0,
                        0.0,
                        0.0,
                        0.0,
                        0.0,
                        0.9925922155380249,
                        0.12149341404438019,
                        159.92945861816406,
                        0.0,
                        -0.121493399143219,
                        0.9925922751426697,
                        -3.0738656520843506,
                        0.0,
                        0.0,
                        0.0,
                        1.0
                    ]
                },
                "mixamorig:HeadTop_End": {
                    "parent": "mixamorig:Head",
                    "matrix": [
                        1.0,
                        0.0,
                        0.0,
                        0.0,
                        1.0,
                        4.096712657997159e-08,
                        0.0,
                        -4.096712657997159e-08,
                        1.0
                    ],
                    "matrix_local": [
                        1.0,
                        0.0,
                        0.0,
                        0.0,
                        0.0,
                        0.9925922155380249,
                        0.12149345129728317,
                        181.9668426513672,
                        0.0,
                        -0.12149343639612198,
                        0.9925922751426697,
                        4.427206993103027,
                        0.0,
                        0.0,
                        0.0,
                        1.0
                    ]
                },
                "mixamorig:RightShoulder": {
                    "parent": "mixamorig:Spine2",
                    "matrix": [
                        -0.2056957334280014,
                        -0.9773642420768738,
                        0.0494818389415741,
                        -0.12900491058826447,
                        -0.023040950298309326,
                        -0.9913762807846069,
                        0.9700757265090942,
                        -0.21030524373054504,
                        -0.1213454157114029
                    ],
                    "matrix_local": [
                        -0.2056957334280014,
                        -0.9773642420768738,
                        0.0494818389415741,
                        -4.570000171661377,
                        -0.010191626846790314,
                        -0.04842093586921692,
                        -0.9987751245498657,
                        144.5861053466797,
                        0.9785628914833069,
                        -0.20594803988933563,
                        -9.98377799987793e-07,
                        -4.870658874511719,
                        0.0,
                        0.0,
                        0.0,
                        1.0
                    ]
                },
                "mixamorig:RightArm": {
                    "parent": "mixamorig:RightShoulder",
                    "matrix": [
                        0.9785629510879517,
                        0.20569564402103424,
                        0.010190758854150772,
                        -0.20594792068004608,
                        0.9773642420768738,
                        0.04842110723257065,
                        -7.35744833946228e-08,
                        -0.049481868743896484,
                        0.998775064945221
                    ],
                    "matrix_local": [
                        -9.30475678728726e-08,
                        -1.0,
                        -2.60770320892334e-08,
                        -15.162866592407227,
                        -8.839152201289835e-07,
                        -7.450580596923828e-09,
                        -1.0000001192092896,
                        144.06130981445312,
                        0.9999999403953552,
                        -8.47088514888128e-08,
                        -9.310309678767226e-07,
                        -7.102764129638672,
                        0.0,
                        0.0,
                        0.0,
                        1.0
                    ]
                },
                "mixamorig:RightForeArm": {
                    "parent": "mixamorig:RightArm",
                    "matrix": [
                        1.0,
                        3.421214600507483e-08,
                        -1.585817521743138e-08,
                        -3.421214600507483e-08,
                        1.0,
                        7.450611683168518e-09,
                        1.585817521743138e-08,
                        -7.450610794990098e-09,
                        1.0
                    ],
                    "matrix_local": [
                        -5.883542186779778e-08,
                        -1.0,
                        -3.352764110786666e-08,
                        -43.004364013671875,
                        -8.997733971227717e-07,
                        8.881784197001252e-16,
                        -1.0000001192092896,
                        144.06130981445312,
                        0.9999999403953552,
                        -5.049670193102429e-08,
                        -9.468891448705108e-07,
                        -7.102766513824463,
                        0.0,
                        0.0,
                        0.0,
                        1.0
                    ]
                },
                "mixamorig:RightHand": {
                    "parent": "mixamorig:RightForeArm",
                    "matrix": [
                        1.0,
                        -7.464796780709548e-09,
                        7.2792317951098084e-06,
                        7.464796780709548e-09,
                        1.0,
                        4.673318278040385e-14,
                        -7.2792317951098084e-06,
                        7.6048032549513e-15,
                        1.0
                    ],
                    "matrix_local": [
                        -6.629997528762033e-08,
                        -1.0,
                        -3.3528117171499616e-08,
                        -71.33317565917969,
                        6.379459136951482e-06,
                        0.0,
                        -1.0000001192092896,
                        144.06130981445312,
                        0.9999999403953552,
                        -5.7961496935377e-08,
                        6.3323423091787845e-06,
                        -7.1027679443359375,
                        0.0,
                        0.0,
                        0.0,
                        1.0
                    ]
                },
                "mixamorig:RightHandThumb1": {
                    "parent": "mixamorig:RightHand",
                    "matrix": [
                        0.8944272398948669,
                        0.44721075892448425,
                        0.0015532225370407104,
                        -0.3864259719848633,
                        0.7745960354804993,
                        -0.5006756782531738,
                        -0.22511065006256104,
                        0.44721776247024536,
                        0.8656336069107056
                    ],
                    "matrix_local": [
                        0.3864259123802185,
                        -0.7745960354804993,
                        0.5006756782531738,
                        -73.7979736328125,
                        0.22511638700962067,
                        -0.4472149610519409,
                        -0.8656337261199951,
                        142.48731994628906,
                        0.8944257497787476,
                        0.4472135007381439,
                        0.0015587329398840666,
                        -4.4208574295043945,
                        0.0,
                        0.0,
                        0.0,
                        1.0
                    ]
                },
                "mixamorig:RightHandThumb2": {
                    "parent": "mixamorig:RightHandThumb1",
                    "matrix": [
                        0.9999972581863403,
                        -4.536235280738765e-07,
                        -0.0023381924256682396,
                        4.620787024123274e-07,
                        1.0,
                        3.615582272686879e-06,
                        0.0023381924256682396,
                        -3.616652747950866e-06,
                        0.9999972581863403
                    ],
                    "matrix_local": [
                        0.38759514689445496,
                        -0.7745980024337769,
                        0.4997679591178894,
                        -77.04275512695312,
                        0.22309154272079468,
                        -0.4472119212150574,
                        -0.8661593198776245,
                        140.6139373779297,
                        0.8944271206855774,
                        0.4472130835056305,
                        -0.0005309939151629806,
                        -2.547480821609497,
                        0.0,
                        0.0,
                        0.0,
                        1.0
                    ]
                },
                "mixamorig:RightHandThumb3": {
                    "parent": "mixamorig:RightHandThumb2",
                    "matrix": [
                        0.9999986886978149,
                        2.3040411178953946e-07,
                        -0.001617126283235848,
                        -2.3806518356650486e-07,
                        1.0,
                        -4.737264589493861e-06,
                        0.001617126283235848,
                        4.73764339403715e-06,
                        0.9999986886978149
                    ],
                    "matrix_local": [
                        0.3884029984474182,
                        -0.7745955586433411,
                        0.49914419651031494,
                        -79.68901824951172,
                        0.22169065475463867,
                        -0.4472159743309021,
                        -0.8665168285369873,
                        139.08612060546875,
                        0.8944249749183655,
                        0.4472132921218872,
                        -0.0019795133266597986,
                        -1.019662618637085,
                        0.0,
                        0.0,
                        0.0,
                        1.0
                    ]
                },
                "mixamorig:RightHandThumb4": {
                    "parent": "mixamorig:RightHandThumb3",
                    "matrix": [
                        0.9676312208175659,
                        0.09533814340829849,
                        -0.23366782069206238,
                        -0.09805126488208771,
                        0.9951814413070679,
                        5.522742867469788e-06,
                        0.23254239559173584,
                        0.02290608175098896,
                        0.9723165035247803
                    ],
                    "matrix_local": [
                        0.5678530931472778,
                        -0.7224000692367554,
                        0.39456456899642944,
                        -81.68360900878906,
                        0.056862980127334595,
                        -0.44377395510673523,
                        -0.8943330645561218,
                        137.93453979492188,
                        0.8211633563041687,
                        0.5302858352661133,
                        -0.2109205722808838,
                        0.1319127082824707,
                        0.0,
                        0.0,
                        0.0,
                        1.0
                    ]
                },
                "mixamorig:RightHandIndex1": {
                    "parent": "mixamorig:RightHand",
                    "matrix": [
                        1.0,
                        6.443750066864595e-08,
                        -5.7960267696444134e-08,
                        -6.443750066864595e-08,
                        0.9999999403953552,
                        3.734815174548335e-15,
                        5.7960267696444134e-08,
                        0.0,
                        1.0
                    ],
                    "matrix_local": [
                        -1.862476617375819e-09,
                        -0.9999999403953552,
                        -3.3528117171499616e-08,
                        -80.44147491455078,
                        6.321498858596897e-06,
                        4.110763921101601e-13,
                        -1.0000001192092896,
                        143.54342651367188,
                        0.9999999403953552,
                        6.476000180555275e-09,
                        6.274382030824199e-06,
                        -4.8429646492004395,
                        0.0,
                        0.0,
                        0.0,
                        1.0
                    ]
                },
                "mixamorig:RightHandIndex2": {
                    "parent": "mixamorig:RightHandIndex1",
                    "matrix": [
                        1.0,
                        -6.476001068733694e-09,
                        1.198508169148869e-21,
                        6.476001068733694e-09,
                        1.0,
                        -3.70138354644986e-13,
                        1.198508169148869e-21,
                        3.70138354644986e-13,
                        1.0
                    ],
                    "matrix_local": [
                        -8.338477464064908e-09,
                        -0.9999999403953552,
                        -3.352774768927702e-08,
                        -84.14147186279297,
                        6.321498858596897e-06,
                        -5.421010862427522e-20,
                        -1.0000001192092896,
                        143.54342651367188,
                        0.9999999403953552,
                        -4.4176683079714854e-16,
                        6.274382030824199e-06,
                        -4.8429646492004395,
                        0.0,
                        0.0,
                        0.0,
                        1.0
                    ]
                },
                "mixamorig:RightHandIndex3": {
                    "parent": "mixamorig:RightHandIndex2",
                    "matrix": [
                        1.0,
                        4.4176688373670774e-16,
                        1.1357269263660665e-35,
                        -4.4176688373670774e-16,
                        1.0,
                        5.141747579046231e-20,
                        1.1357269263660665e-35,
                        -5.141747579046231e-20,
                        1.0
                    ],
                    "matrix_local": [
                        -8.338477464064908e-09,
                        -0.9999999403953552,
                        -3.352774768927702e-08,
                        -86.9914779663086,
                        6.321498858596897e-06,
                        3.2311742677852644e-27,
                        -1.0000001192092896,
                        143.54342651367188,
                        0.9999999403953552,
                        2.61471670458977e-23,
                        6.274382030824199e-06,
                        -4.8429646492004395,
                        0.0,
                        0.0,
                        0.0,
                        1.0
                    ]
                },
                "mixamorig:RightHandIndex4": {
                    "parent": "mixamorig:RightHandIndex3",
                    "matrix": [
                        0.9999979734420776,
                        -0.00017458676302339882,
                        0.0020052820909768343,
                        0.00017458641377743334,
                        0.9999999403953552,
                        3.511993895699561e-07,
                        -0.0020052820909768343,
                        -1.103647728761814e-09,
                        0.9999979734420776
                    ],
                    "matrix_local": [
                        -0.00017459466471336782,
                        -0.9999998807907104,
                        -3.8474374264296785e-07,
                        -89.763671875,
                        0.002011603908613324,
                        -2.220446049250313e-15,
                        -0.9999980926513672,
                        143.54342651367188,
                        0.9999979138374329,
                        -0.0001745867484714836,
                        0.002011556178331375,
                        -4.8429646492004395,
                        0.0,
                        0.0,
                        0.0,
                        1.0
                    ]
                },
                "mixamorig:RightHandMiddle1": {
                    "parent": "mixamorig:RightHand",
                    "matrix": [
                        1.0,
                        5.7961507593518036e-08,
                        -5.796027124915781e-08,
                        -5.7961507593518036e-08,
                        1.0,
                        -3.6640354921131657e-13,
                        5.796027124915781e-08,
                        3.6976300385287153e-13,
                        1.0
                    ],
                    "matrix_local": [
                        -8.338469470459131e-09,
                        -1.0,
                        -3.352774768927702e-08,
                        -80.86567687988281,
                        6.321498858596897e-06,
                        0.0,
                        -1.0000001192092896,
                        144.06130981445312,
                        0.9999999403953552,
                        7.107768556667213e-15,
                        6.274382030824199e-06,
                        -7.102768421173096,
                        0.0,
                        0.0,
                        0.0,
                        1.0
                    ]
                },
                "mixamorig:RightHandMiddle2": {
                    "parent": "mixamorig:RightHandMiddle1",
                    "matrix": [
                        1.0,
                        -7.107768556667213e-15,
                        4.547472695713012e-13,
                        7.107768556667213e-15,
                        0.9999999403953552,
                        4.4931749709064354e-20,
                        -4.547472695713012e-13,
                        -4.4931746477890086e-20,
                        1.0
                    ],
                    "matrix_local": [
                        -8.338476575886489e-09,
                        -0.9999999403953552,
                        -3.352774768927702e-08,
                        -84.565673828125,
                        6.321499313344248e-06,
                        3.2311742677852644e-27,
                        -1.0000001192092896,
                        144.06130981445312,
                        0.9999999403953552,
                        -2.819189441362295e-25,
                        6.27438248557155e-06,
                        -7.102768421173096,
                        0.0,
                        0.0,
                        0.0,
                        1.0
                    ]
                },
                "mixamorig:RightHandMiddle3": {
                    "parent": "mixamorig:RightHandMiddle2",
                    "matrix": [
                        1.0,
                        2.819189441362295e-25,
                        -4.547472966763555e-13,
                        -2.819189441362295e-25,
                        1.0,
                        -3.2329561381698114e-27,
                        4.547472966763555e-13,
                        3.2329561381698114e-27,
                        1.0
                    ],
                    "matrix_local": [
                        -8.338476575886489e-09,
                        -0.9999999403953552,
                        -3.352774768927702e-08,
                        -87.51567077636719,
                        6.321498858596897e-06,
                        0.0,
                        -1.0000001192092896,
                        144.06130981445312,
                        0.9999999403953552,
                        -4.36709963389102e-33,
                        6.274382030824199e-06,
                        -7.102768421173096,
                        0.0,
                        0.0,
                        0.0,
                        1.0
                    ]
                },
                "mixamorig:RightHandMiddle4": {
                    "parent": "mixamorig:RightHandMiddle3",
                    "matrix": [
                        0.9999982118606567,
                        -0.00033336179330945015,
                        0.0018567362567409873,
                        0.000333361211232841,
                        0.9999998807907104,
                        6.210723881849844e-07,
                        -0.0018567363731563091,
                        -2.107399366124696e-09,
                        0.9999982714653015
                    ],
                    "matrix_local": [
                        -0.00033336947672069073,
                        -0.9999998211860657,
                        -6.546154622810718e-07,
                        -90.46226501464844,
                        0.0018630580743774772,
                        5.3290705182007514e-14,
                        -0.9999983906745911,
                        144.06130981445312,
                        0.999998152256012,
                        -0.0003333617642056197,
                        0.00186301046051085,
                        -7.102768421173096,
                        0.0,
                        0.0,
                        0.0,
                        1.0
                    ]
                },
                "mixamorig:RightHandRing1": {
                    "parent": "mixamorig:RightHand",
                    "matrix": [
                        1.0,
                        7.055258777199924e-08,
                        -5.795981294909325e-08,
                        -7.055258777199924e-08,
                        0.9999999403953552,
                        4.089215030228955e-15,
                        5.795981294909325e-08,
                        0.0,
                        1.0
                    ],
                    "matrix_local": [
                        4.2526107080220754e-09,
                        -0.9999999403953552,
                        -3.3528117171499616e-08,
                        -80.43677520751953,
                        6.321499313344248e-06,
                        4.5008734152890417e-13,
                        -1.0000001192092896,
                        144.01820373535156,
                        0.9999999403953552,
                        1.2591087283908564e-08,
                        6.27438248557155e-06,
                        -8.967867851257324,
                        0.0,
                        0.0,
                        0.0,
                        1.0
                    ]
                },
                "mixamorig:RightHandRing2": {
                    "parent": "mixamorig:RightHandRing1",
                    "matrix": [
                        1.0,
                        -1.2591089060265404e-08,
                        -4.547472966763555e-13,
                        1.2591089060265404e-08,
                        1.0,
                        -3.704927532301172e-13,
                        4.547472966763555e-13,
                        3.704927532301172e-13,
                        1.0
                    ],
                    "matrix_local": [
                        -8.338477464064908e-09,
                        -0.9999999403953552,
                        -3.352774768927702e-08,
                        -83.81607818603516,
                        6.321498858596897e-06,
                        -2.710505431213761e-20,
                        -1.0000001192092896,
                        144.01820373535156,
                        0.9999999403953552,
                        -8.85853790715945e-16,
                        6.274382030824199e-06,
                        -8.967867851257324,
                        0.0,
                        0.0,
                        0.0,
                        1.0
                    ]
                },
                "mixamorig:RightHandRing3": {
                    "parent": "mixamorig:RightHandRing2",
                    "matrix": [
                        1.0,
                        8.858538436555042e-16,
                        4.547472695713012e-13,
                        -8.858538436555042e-16,
                        0.9999999403953552,
                        2.1505128806858844e-20,
                        -4.547472695713012e-13,
                        -2.1505128806858844e-20,
                        1.0
                    ],
                    "matrix_local": [
                        -8.338476575886489e-09,
                        -0.9999998807907104,
                        -3.352774768927702e-08,
                        -86.70577239990234,
                        6.321499313344248e-06,
                        3.2311742677852644e-27,
                        -1.0000001192092896,
                        144.01820373535156,
                        0.9999999403953552,
                        5.280462927872115e-23,
                        6.27438248557155e-06,
                        -8.967867851257324,
                        0.0,
                        0.0,
                        0.0,
                        1.0
                    ]
                },
                "mixamorig:RightHandRing4": {
                    "parent": "mixamorig:RightHandRing3",
                    "matrix": [
                        0.9999986886978149,
                        0.001598489354364574,
                        0.00029157311655581,
                        -0.0015984892379492521,
                        0.9999987483024597,
                        -4.7618198095733533e-07,
                        -0.0002915734949056059,
                        1.0104846737135631e-08,
                        0.9999999403953552
                    ],
                    "matrix_local": [
                        0.001598480623215437,
                        -0.9999986290931702,
                        4.4265172505220107e-07,
                        -89.34457397460938,
                        0.0002978950215037912,
                        1.7763568394002505e-15,
                        -1.0,
                        144.01820373535156,
                        0.9999986290931702,
                        0.0015984892379492521,
                        0.0002978474658448249,
                        -8.967867851257324,
                        0.0,
                        0.0,
                        0.0,
                        1.0
                    ]
                },
                "mixamorig:RightHandPinky1": {
                    "parent": "mixamorig:RightHand",
                    "matrix": [
                        1.0,
                        6.622727255489735e-08,
                        -5.796027124915781e-08,
                        -6.622727255489735e-08,
                        1.0,
                        3.838550876082095e-15,
                        5.796027124915781e-08,
                        0.0,
                        1.0
                    ],
                    "matrix_local": [
                        -7.270467561326655e-11,
                        -1.0,
                        -3.3528117171499616e-08,
                        -79.40987396240234,
                        6.321498858596897e-06,
                        4.224941793987136e-13,
                        -1.0000001192092896,
                        143.5745849609375,
                        0.9999999403953552,
                        8.265768514092997e-09,
                        6.274382030824199e-06,
                        -10.909067153930664,
                        0.0,
                        0.0,
                        0.0,
                        1.0
                    ]
                },
                "mixamorig:RightHandPinky2": {
                    "parent": "mixamorig:RightHandPinky1",
                    "matrix": [
                        1.0,
                        -8.265769402271417e-09,
                        1.5301681138720485e-21,
                        8.265769402271417e-09,
                        1.0,
                        -3.702421398979472e-13,
                        1.5301681138720485e-21,
                        3.702421398979472e-13,
                        1.0
                    ],
                    "matrix_local": [
                        -8.33847391135123e-09,
                        -1.0,
                        -3.352774768927702e-08,
                        -83.00988006591797,
                        6.321498858596897e-06,
                        -5.421010862427522e-20,
                        -1.0000001192092896,
                        143.5745849609375,
                        0.9999999403953552,
                        2.323040590608969e-18,
                        6.274382030824199e-06,
                        -10.909067153930664,
                        0.0,
                        0.0,
                        0.0,
                        1.0
                    ]
                },
                "mixamorig:RightHandPinky3": {
                    "parent": "mixamorig:RightHandPinky2",
                    "matrix": [
                        1.0,
                        -2.3230403838138158e-18,
                        -6.298319237747024e-38,
                        2.3230403838138158e-18,
                        1.0,
                        5.422479108014804e-20,
                        -6.298319237747024e-38,
                        -5.422479108014804e-20,
                        1.0
                    ],
                    "matrix_local": [
                        -8.33847391135123e-09,
                        -1.0,
                        -3.352774768927702e-08,
                        -85.10987854003906,
                        6.321498858596897e-06,
                        6.462348535570529e-27,
                        -1.0000001192092896,
                        143.5745849609375,
                        0.9999999403953552,
                        7.336325067274559e-26,
                        6.274382030824199e-06,
                        -10.909067153930664,
                        0.0,
                        0.0,
                        0.0,
                        1.0
                    ]
                },
                "mixamorig:RightHandPinky4": {
                    "parent": "mixamorig:RightHandPinky3",
                    "matrix": [
                        0.9999950528144836,
                        8.20346103864722e-05,
                        0.003137922612950206,
                        -8.20342029328458e-05,
                        1.0,
                        -2.579368469923793e-07,
                        -0.003137922612950206,
                        5.185791240869264e-10,
                        0.9999950528144836
                    ],
                    "matrix_local": [
                        8.202596654882655e-05,
                        -1.0,
                        2.243830863335461e-07,
                        -87.22566986083984,
                        0.0031442444305866957,
                        2.4980018054066022e-15,
                        -0.9999951720237732,
                        143.5745849609375,
                        0.9999949932098389,
                        8.203460311051458e-05,
                        0.0031441967003047466,
                        -10.909067153930664,
                        0.0,
                        0.0,
                        0.0,
                        1.0
                    ]
                },
                "mixamorig:LeftShoulder": {
                    "parent": "mixamorig:Spine2",
                    "matrix": [
                        -0.2057061493396759,
                        0.9773628115653992,
                        -0.04946541786193848,
                        0.12900123000144958,
                        -0.023023709654808044,
                        -0.9913771152496338,
                        -0.9700741171836853,
                        -0.21031343936920166,
                        -0.12134486436843872
                    ],
                    "matrix_local": [
                        -0.2057061493396759,
                        0.9773628115653992,
                        -0.04946541786193848,
                        4.570400238037109,
                        0.010188154876232147,
                        -0.04840482026338577,
                        -0.998775839805603,
                        144.58590698242188,
                        -0.9785608649253845,
                        -0.2059582620859146,
                        -3.427267074584961e-07,
                        -4.870635032653809,
                        0.0,
